
#          1
   0.00000000       5431.92676      -88629280.0    
   1.00000000       5431.92627      -8862929.00    
   2.00000000       5431.89307      -886303.438    
   3.00000000       5428.59570      -88735.8047    
   4.00000000       5139.96582      -9825.54102    
   5.00000000       2200.51465      -2454.52002    
   6.00000000       766.560181      -732.518982    
   7.00000000       261.000854      -238.356522    
   8.00000000       40.0381279      -100.484612    
   9.00000000      0.530330122      -12.2083473    
   10.0000000       5.32183517E-03  -1.22382498    
   11.0000000       5.32202102E-05 -0.122385502    
   12.0000000       5.32202307E-07  -1.22385528E-02
   13.0000000       5.32202327E-09  -1.22385530E-03
   14.0000000       5.32202303E-11  -1.22385536E-04

#          2
   0.00000000       19868.2637      -4.04738808    
   1.00000000       19868.1504      -40.4735527    
   2.00000000       19856.8828      -404.406647    
   3.00000000       18819.0117      -3741.34888    
   4.00000000       7355.01367      -5605.08936    
   5.00000000       2348.98438      -2196.52905    
   6.00000000       778.943176      -718.480652    
   7.00000000       263.479004      -247.895523    
   8.00000000       72.8781052      -89.8356171    
   9.00000000       4.57257414      -23.2296925    
   10.0000000       4.93257679E-02  -2.44739223    
   11.0000000       4.93648753E-04 -0.244874209    
   12.0000000       4.93652624E-06  -2.44875550E-02
   13.0000000       4.93652692E-08  -2.44875578E-03
   14.0000000       4.93652674E-10  -2.44875555E-04

#          3
   0.00000000       17298.5508      -2.41215992    
   1.00000000       17298.5039      -24.1215076    
   2.00000000       17293.9004      -241.122864    
   3.00000000       16851.2734      -2322.60791    
   4.00000000       7853.69287      -5635.92627    
   5.00000000       2202.32788      -2319.21802    
   6.00000000       801.639099      -630.702759    
   7.00000000       329.837463      -264.869904    
   8.00000000       82.5267410      -97.4693375    
   9.00000000       43.0907402      -12.4883642    
   10.0000000       42.4676285      -1.25364065    
   11.0000000       42.4613533     -0.125368908    
   12.0000000       42.4612923      -1.25368955E-02
   13.0000000       42.4612923      -1.25368952E-03
   14.0000000       42.4612923      -1.25368955E-04

#          4
   0.00000000       16769.6836      -3.03001761    
   1.00000000       16769.5879      -30.2998390    
   2.00000000       16760.0313      -302.661346    
   3.00000000       15911.7051      -2728.65723    
   4.00000000       8192.61914      -4670.06787    
   5.00000000       2383.83765      -2335.80396    
   6.00000000       772.240417      -728.836548    
   7.00000000       254.642792      -236.721405    
   8.00000000       83.0546188      -96.7864227    
   9.00000000       2.61214471      -21.1222115    
   10.0000000       2.67693065E-02  -2.15232277    
   11.0000000       2.67759635E-04 -0.215273440    
   12.0000000       2.67760288E-06  -2.15273853E-02
   13.0000000       2.67760303E-08  -2.15273863E-03
   14.0000000       2.67760286E-10  -2.15273860E-04

#          5
   0.00000000       8268.65234      -54645212.0    
   1.00000000       8268.64746      -5464525.00    
   2.00000000       8268.21680      -546493.750    
   3.00000000       8225.88672      -55056.1250    
   4.00000000       6552.88525      -7674.30469    
   5.00000000       2492.55029      -2424.60913    
   6.00000000       723.038147      -787.006592    
   7.00000000       225.786118      -209.233765    
   8.00000000       108.425217      -58.2296219    
   9.00000000       75.2962646      -11.7899580    
   10.0000000       73.0761871      -1.26094830    
   11.0000000       73.0505219     -0.126191959    
   12.0000000       73.0502625      -1.26192933E-02
   13.0000000       73.0502625      -1.26192940E-03
   14.0000000       73.0502625      -1.26192943E-04

#          6
   0.00000000       6611.36914      -65322248.0    
   1.00000000       6611.36719      -6532228.00    
   2.00000000       6611.15088      -653251.000    
   3.00000000       6589.75439      -65605.0938    
   4.00000000       5368.31641      -8371.64160    
   5.00000000       2127.18237      -2086.96558    
   6.00000000       829.419861      -665.448425    
   7.00000000       246.369446      -286.566864    
   8.00000000       32.1303978      -84.8687897    
   9.00000000      0.512633741      -10.6977377    
   10.0000000       5.16534643E-03  -1.07385671    
   11.0000000       5.16574146E-05 -0.107389800    
   12.0000000       5.16574516E-07  -1.07389838E-02
   13.0000000       5.16574516E-09  -1.07389840E-03
   14.0000000       5.16574526E-11  -1.07389838E-04

#          7
   0.00000000       15936.7666      -1.22912884    
   1.00000000       15936.7549      -12.2912760    
   2.00000000       15935.5684      -122.900742    
   3.00000000       15818.1836      -1217.10999    
   4.00000000       9992.76758      -6370.18750    
   5.00000000       2337.13037      -2464.25220    
   6.00000000       753.481079      -729.190002    
   7.00000000       252.008820      -248.164185    
   8.00000000       59.3970222      -90.8460159    
   9.00000000       3.24495339      -17.8055229    
   10.0000000       3.84725370E-02  -1.90593028    
   11.0000000       3.85481922E-04 -0.190748736    
   12.0000000       3.85489511E-06  -1.90750286E-02
   13.0000000       3.85489578E-08  -1.90750312E-03
   14.0000000       3.85489585E-10  -1.90750303E-04

#          8
   0.00000000       5977.31689      -101337672.    
   1.00000000       5977.31543      -10133769.0    
   2.00000000       5977.17822      -1013398.69    
   3.00000000       5963.53467      -101556.133    
   4.00000000       5049.10742      -11691.3760    
   5.00000000       2051.78491      -2361.75659    
   6.00000000       783.910095      -721.581421    
   7.00000000       259.110107      -211.388824    
   8.00000000       151.895645      -46.5433426    
   9.00000000       136.243851      -5.94292498    
   10.0000000       135.953110     -0.597165465    
   11.0000000       135.950165      -5.97194657E-02
   12.0000000       135.950134      -5.97194955E-03
   13.0000000       135.950134      -5.97194943E-04
   14.0000000       135.950134      -5.97194958E-05

#          9
   0.00000000       6015.75195      -62551596.0    
   1.00000000       6015.75098      -6255161.50    
   2.00000000       6015.61572      -625536.563    
   3.00000000       6002.19629      -62756.7852    
   4.00000000       5160.02393      -7689.18652    
   5.00000000       2276.12891      -2072.55981    
   6.00000000       804.817261      -751.432983    
   7.00000000       214.101624      -258.974457    
   8.00000000       38.3517609      -70.5957794    
   9.00000000       2.13352036      -13.7123413    
   10.0000000       2.29791068E-02  -1.42798936    
   11.0000000       2.29969752E-04 -0.142860532    
   12.0000000       2.29971533E-06  -1.42861139E-02
   13.0000000       2.29971562E-08  -1.42861146E-03
   14.0000000       2.29971556E-10  -1.42861143E-04

#         10
   0.00000000       4747.11182      -150675104.    
   1.00000000       4747.11035      -15067512.0    
   2.00000000       4746.96143      -1506768.00    
   3.00000000       4732.28125      -150843.281    
   4.00000000       4055.90137      -16065.9209    
   5.00000000       1944.33130      -2672.74316    
   6.00000000       762.708862      -694.870056    
   7.00000000       269.921967      -222.200806    
   8.00000000       145.291702      -52.9171677    
   9.00000000       121.591087      -7.88789225    
   10.0000000       121.022888     -0.795768440    
   11.0000000       121.017113      -7.95839503E-02
   12.0000000       121.017059      -7.95840193E-03
   13.0000000       121.017059      -7.95840169E-04
   14.0000000       121.017059      -7.95840169E-05
